45.20230	-123.96715	5
45.19976	-123.97835	10
45.19808	-123.98548	19
45.19791	-123.98612	20
45.19702	-123.98934	23
45.18953	-124.02017	47
45.18846	-124.02964	48
45.18773	-124.05252	56
45.18713	-124.07998	73
45.18204	-124.12710	98
45.18183	-124.13037	100
45.17977	-124.16168	119
45.17975	-124.16207	119
45.17292	-124.26610	174
45.17292	-124.26751	174
45.17288	-124.29015	185
45.17199	-124.32841	233
45.17097	-124.34150	275
45.17009	-124.35378	318
45.16906	-124.36531	345
45.16796	-124.37551	356
45.16768	-124.37876	358
45.16733	-124.38301	360
45.16189	-124.44471	365
45.15665	-124.47020	365
45.14790	-124.53109	332
45.14798	-124.57115	338
45.14800	-124.58335	351
45.15597	-124.63190	456
45.16332	-124.65387	523
45.17028	-124.67197	529
45.18041	-124.69370	535
45.18621	-124.70682	543
45.19084	-124.72447	560
45.19249	-124.73541	574
45.19357	-124.74538	588
45.19242	-124.76402	608
45.18765	-124.78222	616
45.18075	-124.79828	624
45.17035	-124.81448	663
45.15574	-124.83263	686
45.14005	-124.86101	725
45.13284	-124.88216	739
45.12968	-124.90455	737
45.13062	-124.92981	774
45.13425	-124.94764	832
45.13872	-124.96648	908
45.14762	-125.00072	1105
45.15088	-125.03988	1304
45.15093	-125.04081	1311
45.15083	-125.04995	1357
45.15068	-125.06476	1429
45.15050	-125.08128	1525
45.15018	-125.09293	1552
45.14986	-125.09831	1561
45.14871	-125.11577	1576
45.14799	-125.12665	1580
45.14018	-125.24349	1793
45.13884	-125.26080	1799
45.13795	-125.26618	1820
45.13350	-125.28328	1793
45.12172	-125.32397	1980
45.11033	-125.36425	1852
45.10562	-125.38094	1988
45.09864	-125.40974	2313
45.09452	-125.42132	2400
45.09143	-125.42787	2350
45.08455	-125.43914	2395
45.07696	-125.44939	2500
45.05410	-125.47922	2703
45.03116	-125.51231	2719
45.02184	-125.52372	2725
45.01564	-125.53000	2729
45.00455	-125.53909	2735
44.98727	-125.55011	2745
44.94644	-125.57417	2754
44.91683	-125.59239	2765
44.90170	-125.59972	2770
44.89483	-125.60245	2773
44.86970	-125.61033	2781
44.80669	-125.62768	2803
44.79022	-125.63306	2809
44.77079	-125.63862	2816
44.75899	-125.64024	2820
44.75147	-125.64040	2823
44.73818	-125.63932	2827
44.66990	-125.62660	2851
44.64613	-125.62247	2859
44.63388	-125.61869	2863
44.62440	-125.61436	2866
44.61257	-125.60721	2871
44.59194	-125.59180	2878
44.57277	-125.57661	2885
44.54217	-125.55335	2897
44.53321	-125.54470	2900
44.52615	-125.53608	2900
44.51805	-125.52360	2900
44.51527	-125.51865	2900
44.51507	-125.51825	2900
44.51273	-125.51350	2900
44.50319	-125.49414	2900
44.48169	-125.44860	2900
44.47807	-125.44117	2900
44.47660	-125.43692	2900
44.47642	-125.43386	2900
44.47701	-125.43006	2900
44.47851	-125.42681	2900
44.48058	-125.42393	2900
44.48239	-125.42097	2900
44.48430	-125.41831	2900
44.48865	-125.41364	2900
44.50877	-125.39882	2900
44.50958	-125.39834	2900
>		
44.50958	-125.39834	2900
44.50873	-125.39869	2900
44.48674	-125.41054	2900
44.47738	-125.41220	2900
44.47254	-125.41248	2900
44.46973	-125.41228	2900
44.46797	-125.41134	2900
44.46628	-125.40973	2900
44.46487	-125.40738	2900
44.46324	-125.40231	2900
44.45915	-125.38888	2900
44.44428	-125.34390	2900
44.44280	-125.33889	2900
44.44220	-125.33368	2877
44.44242	-125.32430	2750
44.44253	-125.32145	2750
44.44256	-125.32076	2750
44.44300	-125.31446	2645
44.44475	-125.28939	2225
44.44569	-125.27600	2001
44.44639	-125.26433	1837
44.44789	-125.23926	1485
44.44823	-125.23365	1406
44.44823	-125.23356	1405
44.44939	-125.21847	1369
44.45009	-125.21442	1367
44.45014	-125.21421	1367
44.45388	-125.19701	1347
44.45410	-125.19613	1346
44.45661	-125.18599	1336
44.46035	-125.17079	1293
44.46071	-125.16935	1294
44.46075	-125.16916	1294
44.46174	-125.16570	1296
44.46262	-125.16263	1297
44.46308	-125.16171	1297
44.46448	-125.16003	1293
44.46693	-125.15721	1285
44.46939	-125.15501	1280
44.47277	-125.15266	1272
44.47572	-125.15097	1263
44.47837	-125.14963	1253
44.48059	-125.14871	1244
44.48067	-125.14867	1244
44.48146	-125.14833	1242
>		
44.48146	-125.14833	1242
44.48139	-125.14833	1242
44.48056	-125.14853	1245
44.47950	-125.14877	1250
44.47633	-125.14936	1265
44.47289	-125.14994	1280
44.46879	-125.15045	1290
44.46528	-125.15048	1297
44.46276	-125.15021	1303
44.46168	-125.15004	1305
44.46078	-125.14978	1307
44.46000	-125.14936	1308
44.45920	-125.14877	1310
44.45534	-125.14558	1312
44.45087	-125.14200	1312
44.44661	-125.13873	1312
44.44232	-125.13537	1310
44.43921	-125.13288	1304
44.43512	-125.12947	1286
44.43206	-125.12675	1269
44.42941	-125.12420	1253
44.42693	-125.12183	1243
44.42470	-125.11953	1231
44.42414	-125.11894	1228
44.42337	-125.11829	1225
44.40339	-125.09883	1097
44.39516	-125.08841	1014
44.38458	-125.07199	925
44.37088	-125.04338	819
44.36253	-125.01999	738
44.35843	-124.99616	675
44.35839	-124.99590	675
44.35524	-124.97533	642
44.35502	-124.97385	640
44.35497	-124.97351	639
44.35478	-124.97220	637
44.35473	-124.97175	637
44.35463	-124.97102	633
44.35445	-124.96970	631
44.35437	-124.96838	630
44.35438	-124.96752	629
44.35455	-124.96680	626
44.35487	-124.96630	623
44.35582	-124.96545	620
44.35762	-124.96412	618
44.35905	-124.96347	621
44.36277	-124.96224	615
44.36364	-124.96199	615
>		
44.36364	-124.96199	615
44.36279	-124.96162	615
44.36088	-124.96068	615
44.35785	-124.95877	615
44.35665	-124.95757	615
44.35555	-124.95628	615
44.35542	-124.95602	615
44.35528	-124.95553	617
44.35528	-124.95508	618
44.35533	-124.95445	618
44.35540	-124.95403	618
44.35602	-124.95160	618
44.35800	-124.94446	592
44.35875	-124.94180	587
44.35977	-124.93814	582
44.35994	-124.93710	580
44.36003	-124.93623	579
44.36166	-124.92744	571
44.36922	-124.90616	554
44.37921	-124.88771	523
44.38582	-124.87065	506
44.40217	-124.84226	456
44.43219	-124.78823	290
44.43867	-124.77907	273
44.44575	-124.77336	270
44.45528	-124.76945	279
44.46970	-124.76571	300
44.48562	-124.75916	309
44.49850	-124.75773	337
44.51906	-124.75552	375
44.52844	-124.75112	374
44.53732	-124.74458	370
44.54518	-124.73462	359
44.54776	-124.73004	355
44.55060	-124.72344	350
44.55598	-124.70717	327
44.56340	-124.69073	310
44.58371	-124.65624	292
44.58744	-124.65010	290
44.59493	-124.64053	267
44.60340	-124.63338	244
44.60644	-124.63152	240
44.61304	-124.62884	236
44.62559	-124.62389	230
44.63975	-124.62021	230
44.67261	-124.61494	230
44.72118	-124.60850	240
44.73392	-124.60860	250
44.74271	-124.60699	258
44.75014	-124.60376	260
44.75722	-124.59891	256
44.76555	-124.58926	241
44.77217	-124.57617	214
44.77512	-124.56649	204
44.77664	-124.55659	198
44.77689	-124.54607	191
44.77465	-124.53237	182
44.77047	-124.52061	173
44.76376	-124.50974	162
44.75374	-124.49868	152
44.74466	-124.49106	147
44.69865	-124.46145	117
44.69588	-124.45968	116
44.69564	-124.45952	115
44.69548	-124.45942	115
44.69424	-124.45871	114
44.69380	-124.45846	114
44.69315	-124.45807	113
44.69280	-124.45787	113
44.69221	-124.45752	113
44.69139	-124.45702	113